##
#  file: CaenV895 setting parameter file
#  date: 2015/09/23
#  note: output width is fixed to 40ns
#
#

#
# ch	Vth	Enable
# 0-16	0-255	0-1
#
# board1
VME	0xdd000000
0	10	1
1	10	1
2	10	1
3	10	1
4	10	1
5	10	1
6	10	1
7	10	1
8	10	1
9	10	1
10	10	1
11	10	1
12	10	1
13	10	1
14	10	1
15	10	1
END
#
# board2
VME	0xdd010000
0	10	1
1	10	1
2	10	1
3	10	1
4	10	1
5	10	1
6	10	1
7	10	1
8	10	1
9	10	1
10	10	1
11	10	1
12	10	1
13	10	1
14	10	1
15	10	1
END
# board3
VME	0xdd020000
0	10	1
1	10	1
2	10	1
3	10	1
4	10	1
5	10	1
6	10	1
7	10	1
8	10	1
9	10	1
10	10	1
11	10	1
12	10	1
13	10	1
14	10	1
15	10	1
END
#
# board4
VME	0xdd030000
0	10	1
1	10	1
2	10	1
3	10	1
4	10	1
5	10	1
6	10	1
7	10	1
8	10	1
9	10	1
10	10	1
11	10	1
12	10	1
13	10	1
14	10	1
15	10	1
END
