##
#  file: CaenV895 setting parameter file
#  date: 2025.07.14
#  note: output width is fixed to 40ns
#        Vth is different for each channel
#
#
#
IP     192.168.10.11
PORT   24
#
# ch	Vth	Enable
# 0-16	0-255	0-1
#
# board1
VME	0xdd000000
0	75	1
1	75	1
2	75	1
3	75	1
4	75	1
5	50	1
6	50	1
7	50	1
8	50	1
9	50	1
10	75	1
11	75	1
12	50	1
13	75	1
14	75	1
15	50	1
END
#
# board2
VME	0xdd010000
0	75	1
1	75	1
2	75	1
3	75	1
4	75	1
5	75	1
6	75	1
7	75	1
8	75	1
9	75	1
10	75	1
11	75	1
12	75	1
13	75	1
14	75	1
15	75	1
END
# board3
VME	0xdd020000
0	75	1
1	75	1
2	75	1
3	75	1
4	75	1
5	75	1
6	75	1
7	50	1
8	75	1
9	75	1
10	50	1
11	75	1
12	75	1
13	75	1
14	50	1
15	50	1
END
#
# board4
VME	0xdd030000
0	75	1
1	75	1
2	75	1
3	75	1
4	75	1
5	50	1
6	50	1
7	50	1
8	50	1
9	50	1
10	75	1
11	75	1
12	50	1
13	75	1
14	75	1
15	50	1
END
#
# board5
VME	0xdd040000
0	75	1
1	75	1
2	75	1
3	75	1
4	75	1
5	75	1
6	75	1
7	75	1
8	75	1
9	75	1
10	75	1
11	75	1
12	75	1
13	75	1
14	75	1
15	75	1
END
#
# board6
VME	0xdd050000
0	75	1
1	75	1
2	75	1
3	75	1
4	75	1
5	75	1
6	75	1
7	50	1
8	75	1
9	75	1
10	50	1
11	75	1
12	75	1
13	75	1
14	50	1
15	50	1
END
