##
#  file: CaenV895 setting parameter file
#  date: 2025.07.09
#  note: output width is fixed to 40ns
#        All ch are set to 50mV, after additional TOF installation
#
#
#
IP     192.168.10.11
PORT   24
#
# ch	Vth	Enable
# 0-16	0-255	0-1
#
# board1
VME	0xdd000000
0	50	1
1	50	1
2	50	1
3	50	1
4	50	1
5	50	1
6	50	1
7	50	1
8	50	1
9	50	1
10	50	1
11	50	1
12	50	1
13	50	1
14	50	1
15	50	1
END
#
# board2
VME	0xdd010000
0	50	1
1	50	1
2	50	1
3	50	1
4	50	1
5	50	1
6	50	1
7	50	1
8	50	1
9	50	1
10	50	1
11	50	1
12	50	1
13	50	1
14	50	1
15	50	1
END
# board3
VME	0xdd020000
0	50	1
1	50	1
2	50	1
3	50	1
4	50	1
5	50	1
6	50	1
7	50	1
8	50	1
9	50	1
10	50	1
11	50	1
12	50	1
13	50	1
14	50	1
15	50	1
END
#
# board4
VME	0xdd030000
0	50	1
1	50	1
2	50	1
3	50	1
4	50	1
5	50	1
6	50	1
7	50	1
8	50	1
9	50	1
10	50	1
11	50	1
12	50	1
13	50	1
14	50	1
15	50	1
END
#
# board5
VME	0xdd040000
0	50	1
1	50	1
2	50	1
3	50	1
4	50	1
5	50	1
6	50	1
7	50	1
8	50	1
9	50	1
10	50	1
11	50	1
12	50	1
13	50	1
14	50	1
15	50	1
END
#
# board6
VME	0xdd050000
0	50	1
1	50	1
2	50	1
3	50	1
4	50	1
5	50	1
6	50	1
7	50	1
8	50	1
9	50	1
10	50	1
11	50	1
12	50	1
13	50	1
14	50	1
15	50	1
END
