##
#  file: CaenV895 setting parameter file
#  date: 2025.07.16
#  note: output width is fixed to 40ns
#        All ch are set to 30mV
#
#
#
IP     192.168.10.11
PORT   24
#
# ch	Vth	Enable
# 0-16	0-255	0-1
#
# board1
VME	0xdd000000
0	30	1
1	30	1
2	30	1
3	30	1
4	30	1
5	30	1
6	30	1
7	30	1
8	30	1
9	30	1
10	30	1
11	30	1
12	30	1
13	30	1
14	30	1
15	30	1
END
#
# board2
VME	0xdd010000
0	30	1
1	30	1
2	30	1
3	30	1
4	30	1
5	30	1
6	30	1
7	30	1
8	30	1
9	30	1
10	30	1
11	30	1
12	30	1
13	30	1
14	30	1
15	30	1
END
# board3
VME	0xdd020000
0	30	1
1	30	1
2	30	1
3	30	1
4	30	1
5	30	1
6	30	1
7	30	1
8	30	1
9	30	1
10	30	1
11	30	1
12	30	1
13	30	1
14	30	1
15	30	1
END
#
# board4
VME	0xdd030000
0	30	1
1	30	1
2	30	1
3	30	1
4	30	1
5	30	1
6	30	1
7	30	1
8	30	1
9	30	1
10	30	1
11	30	1
12	30	1
13	30	1
14	30	1
15	30	1
END
#
# board5
VME	0xdd040000
0	30	1
1	30	1
2	30	1
3	30	1
4	30	1
5	30	1
6	30	1
7	30	1
8	30	1
9	30	1
10	30	1
11	30	1
12	30	1
13	30	1
14	30	1
15	30	1
END
#
# board6
VME	0xdd050000
0	30	1
1	30	1
2	30	1
3	30	1
4	30	1
5	30	1
6	30	1
7	30	1
8	30	1
9	30	1
10	30	1
11	30	1
12	30	1
13	30	1
14	30	1
15	30	1
END
