##
#  file: CaenV895 setting parameter file
#  date: 2015/09/23
#  note: output width is fixed to 40ns
#
#
IP     192.168.10.11
PORT   24
#
# ch	Vth	Enable
# 0-16	0-255	0-1
#
# board1
VME	0xdd000000
0	150	1
1	150	1
2	150	1
3	150	1
4	150	1
5	150	1
6	150	1
7	150	1
8	150	1
9	150	1
10	150	1
11	150	1
12	150	1
13	150	1
14	150	1
15	150	1
END
#
# board2
VME	0xdd010000
0	150	1
1	150	1
2	150	1
3	150	1
4	150	1
5	150	1
6	150	1
7	150	1
8	150	1
9	150	1
10	150	1
11	150	1
12	150	1
13	150	1
14	150	1
15	150	1
END
# board3
VME	0xdd020000
0	150	1
1	150	1
2	150	1
3	150	1
4	150	1
5	150	1
6	150	1
7	150	1
8	150	1
9	150	1
10	150	1
11	150	1
12	150	1
13	150	1
14	150	1
15	150	1
END
#
# board4
VME	0xdd030000
0	150	1
1	150	1
2	150	1
3	150	1
4	150	1
5	150	1
6	150	1
7	150	1
8	150	1
9	150	1
10	150	1
11	150	1
12	150	1
13	150	1
14	150	1
15	150	1
END
