##
#  file: CaenV895 setting parameter file
#  date: 2015/09/23
#  note: output width is fixed to 40ns
#
#
IP     192.168.10.11
PORT   24
#
# ch	Vth	Enable
# 0-16	0-255	0-1
#
# board1
VME	0xdd000000
0	100	1
1	100	1
2	100	1
3	100	1
4	100	1
5	100	1
6	100	1
7	100	1
8	100	1
9	100	1
10	100	1
11	100	1
12	100	1
13	100	1
14	100	1
15	100	1
END
#
# board2
VME	0xdd010000
0	100	1
1	100	1
2	100	1
3	100	1
4	100	1
5	100	1
6	100	1
7	100	1
8	100	1
9	100	1
10	100	1
11	100	1
12	100	1
13	100	1
14	100	1
15	100	1
END
# board3
VME	0xdd020000
0	100	1
1	100	1
2	100	1
3	100	1
4	100	1
5	100	1
6	100	1
7	100	1
8	100	1
9	100	1
10	100	1
11	100	1
12	100	1
13	100	1
14	100	1
15	100	1
END
#
# board4
VME	0xdd030000
0	100	1
1	100	1
2	100	1
3	100	1
4	100	1
5	100	1
6	100	1
7	100	1
8	100	1
9	100	1
10	100	1
11	100	1
12	100	1
13	100	1
14	100	1
15	100	1
END
