##
#  file: CaenV895 setting parameter file
#  date: 2015/09/23
#  note: output width is fixed to 40ns
#
#
IP     192.168.10.11
PORT   24
#
# ch	Vth	Enable
# 0-16	0-255	0-1
#
# board1
VME	0xdd000000
0	200	1
1	200	1
2	200	1
3	200	1
4	200	1
5	200	1
6	200	1
7	200	1
8	200	1
9	200	1
10	200	1
11	200	1
12	200	1
13	200	1
14	200	1
15	200	1
END
#
# board2
VME	0xdd010000
0	200	1
1	200	1
2	200	1
3	200	1
4	200	1
5	200	1
6	200	1
7	200	1
8	200	1
9	200	1
10	200	1
11	200	1
12	200	1
13	200	1
14	200	1
15	200	1
END
# board3
VME	0xdd020000
0	200	1
1	200	1
2	200	1
3	200	1
4	200	1
5	200	1
6	200	1
7	200	1
8	200	1
9	200	1
10	200	1
11	200	1
12	200	1
13	200	1
14	200	1
15	200	1
END
#
# board4
VME	0xdd030000
0	200	1
1	200	1
2	200	1
3	200	1
4	200	1
5	200	1
6	200	1
7	200	1
8	200	1
9	200	1
10	200	1
11	200	1
12	200	1
13	200	1
14	200	1
15	200	1
END
