##
#  file: CaenV895 setting parameter file
#  date: 2015/09/23
#  note: output width is fixed to 40ns
#
#
IP     192.168.10.11
PORT   24
#
# ch	Vth	Enable
# 0-16	0-255	0-1
#
# board1
VME	0xdd000000
0	175	1
1	175	1
2	175	1
3	175	1
4	175	1
5	175	1
6	175	1
7	175	1
8	175	1
9	175	1
10	175	1
11	175	1
12	175	1
13	175	1
14	175	1
15	175	1
END
#
# board2
VME	0xdd010000
0	175	1
1	175	1
2	175	1
3	175	1
4	175	1
5	175	1
6	175	1
7	175	1
8	175	1
9	175	1
10	175	1
11	175	1
12	175	1
13	175	1
14	175	1
15	175	1
END
# board3
VME	0xdd020000
0	175	1
1	175	1
2	175	1
3	175	1
4	175	1
5	175	1
6	175	1
7	175	1
8	175	1
9	175	1
10	175	1
11	175	1
12	175	1
13	175	1
14	175	1
15	175	1
END
#
# board4
VME	0xdd030000
0	175	1
1	175	1
2	175	1
3	175	1
4	175	1
5	175	1
6	175	1
7	175	1
8	175	1
9	175	1
10	175	1
11	175	1
12	175	1
13	175	1
14	175	1
15	175	1
END
