##
#  file: CaenV895 setting parameter file
#  date: 2015/09/23
#  note: output width is fixed to 40ns
#
#
IP     192.168.10.11
PORT   24
#
# ch	Vth	Enable
# 0-16	0-255	0-1
#
# board1
VME	0xdd000000
0	125	1
1	125	1
2	125	1
3	125	1
4	125	1
5	125	1
6	125	1
7	125	1
8	125	1
9	125	1
10	125	1
11	125	1
12	125	1
13	125	1
14	125	1
15	125	1
END
#
# board2
VME	0xdd010000
0	125	1
1	125	1
2	125	1
3	125	1
4	125	1
5	125	1
6	125	1
7	125	1
8	125	1
9	125	1
10	125	1
11	125	1
12	125	1
13	125	1
14	125	1
15	125	1
END
# board3
VME	0xdd020000
0	125	1
1	125	1
2	125	1
3	125	1
4	125	1
5	125	1
6	125	1
7	125	1
8	125	1
9	125	1
10	125	1
11	125	1
12	125	1
13	125	1
14	125	1
15	125	1
END
#
# board4
VME	0xdd030000
0	125	1
1	125	1
2	125	1
3	125	1
4	125	1
5	125	1
6	125	1
7	125	1
8	125	1
9	125	1
10	125	1
11	125	1
12	125	1
13	125	1
14	125	1
15	125	1
END
